100 # number of mesh points

# Mesh vertex coordinates
-40 -5 
-0.5 80 
-0.5 63.602272749106675 
-0.5 55.624365472096436 
-0.5 52.179666053753067 
-0.5 50.5 
-40 -2.1736572783813521 
-38.479309484036541 -3.2486454890640015 
-37.5 -5 
0.5 50.500000000000007 
0 50 
-0.61243844789141644 49.355283012553144 
-20.25 80 
-40 80 
-11.574556543301693 66.839046280078918 
-6.2666184516606718 58.333224071085716 
-4.0387903534318568 53.510330906842775 
-2.8223986850842033 50.749629008579333 
-1.6696922140767445 49.411127183524798 
-7.7257342387678021 53.864463139257815 
-40 54.243219158910833 
-40 0 
-38.511096315493766 -1.6707778505050062 
-36.820194797582438 -2.4828752690934035 
-38.173171098567323 1.6833504660053005 
-40 3.5966136406248825 
0.5 52.179666053753081 
0.5 55.624365472096436 
1.1780498570136457 49.560319480668554 
2.4371500284311387 50.994245203880425 
-1.2112590579336042 47.733204623519612 
0.4266356742529881 48.558792304351648 
2.1328030609036062 47.776201428188308 
-24.717974511328105 60.983024347399436 
-13.369914827409838 56.555566427227447 
-6.4179907450784661 50.31063769628426 
-3.6316191569432785 47.964420336286679 
-10.413567241142324 50.554320679924473 
-28.574854697586787 45.358032905641267 
-40 29.587304047951662 
-40 12.124395434605058 
-37.011909006462773 0 
-35.360487191672043 -0.89907168725418962 
-35.072791473782672 3.7057137026404741 
20.249999999999993 80 
0.5 63.602272749106696 
0.5 80 
3.7033729454868887 53.817496487559652 
5.1488498318304785 57.250242010502767 
20.09572564452133 69.219441475979252 
4.1615792396225757 48.926585996141554 
5.8644061809663652 50.972035290881848 
-2.6272320567763741 44.094528926148961 
0.89575766435737236 45.595732465295512 
3.8446727708788524 46.472594167208669 
-18.222034988065488 46.572641205894556 
-8.9425587401673283 44.604747503603491 
-25.493575934741138 33.825508264108215 
-3.9447822497365137 38.451883955476873 
-28.470979871444388 21.197099642179186 
-30.668901408624009 10.349799716955079 
-32.5 0 
-29.334188522460419 4.4771489565994615 
40 80 
12.144720375764852 61.570683061010747 
9.280016577835168 53.337650214535785 
27.796330717392614 60.46510188516595 
8.7734942924373573 46.737280167678051 
1.428245334987527 39.388803693343746 
4.7759582246912942 43.435835188845459 
-13.305181319092682 31.587128856905704 
1.1070057450035922 30.815965984141624 
-20.466547175432556 10.244640848751207 
-25.456646828934907 0 
40 54.261466411014567 
21.692119858774362 47.120073091784789 
10.52783680820891 37.072348054834961 
9.6212208772222141 20.70703241846121 
-0.62378103177399757 13.82933580267065 
-10.888124200707942 0 
40 29.586944674964151 
27.992874510771337 19.364032644359664 
16.954810184220197 8.573230226638854 
10.920405845126139 0 
40 12.107152348000438 
34.411241510820176 8.2399387028403215 
27.556994974790044 6.2210536481629353 
25.446044668213936 0 
40 3.5928828482604569 
35.231256139507153 3.488031566170652 
38.034455606597106 1.6764774064052923 
32.5 0 
40 0 
37.015332112996226 0 
35.364914114432736 -0.90216311733567467 
40 -2.1734883369238895 
38.41489870799704 -2.3627853811698278 
36.821944517273593 -2.4858807527070859 
40 -5 
37.5 -5 

edg # type name


2 # number of nodes per element
45 # number of elements
# Elements
1 2 
2 3 
3 4 
4 5 
0 6 
8 0 
5 10 
10 9 
12 1 
13 12 
20 13 
6 21 
23 8 
21 25 
9 26 
26 27 
39 20 
25 40 
40 39 
21 41 
42 23 
27 45 
45 46 
46 44 
41 61 
61 42 
44 63 
73 61 
63 74 
79 73 
74 80 
83 79 
80 84 
87 83 
84 88 
91 87 
88 92 
91 93 
93 92 
94 91 
92 95 
97 94 
95 98 
98 99 
99 97 

45 # number of geometric entity indices
# Geometric entity indices
6 
6 
6 
6 
0 
1 
14 
15 
4 
4 
2 
0 
13 
2 
7 
7 
2 
2 
2 
3 
13 
7 
7 
8 
3 
13 
8 
5 
12 
5 
12 
5 
12 
5 
12 
5 
12 
9 
9 
16 
11 
16 
11 
10 
16 

tri # type name

3 # number of vertices per element
157 # number of elements
# Elements
7 6 0 
7 0 8 
10 5 11 
2 1 14 
14 1 12 
15 3 2 
15 2 14 
4 3 16 
16 3 15 
5 4 17 
17 4 16 
11 5 18 
18 5 17 
19 16 15 
6 22 21 
22 6 7 
7 8 23 
7 23 22 
24 25 21 
9 10 28 
9 29 26 
28 29 9 
11 18 30 
11 31 10 
28 10 31 
11 30 31 
31 32 28 
12 13 33 
33 13 20 
14 12 33 
34 14 33 
15 14 34 
19 15 34 
19 35 16 
17 16 35 
18 17 36 
30 18 36 
17 35 36 
35 19 37 
19 34 37 
38 33 20 
38 20 39 
22 41 21 
22 23 41 
24 21 41 
42 41 23 
24 41 43 
24 43 25 
25 43 40 
26 47 27 
29 47 26 
48 45 27 
47 48 27 
44 46 49 
29 28 50 
32 50 28 
29 51 47 
50 51 29 
30 36 52 
31 30 53 
53 30 52 
32 31 53 
32 53 54 
32 54 50 
34 33 55 
55 33 38 
37 34 55 
37 56 35 
37 55 56 
36 56 52 
35 56 36 
57 38 39 
38 57 55 
52 56 58 
59 39 40 
59 57 39 
60 59 40 
60 40 43 
42 61 41 
43 41 61 
61 62 43 
62 60 43 
44 49 63 
64 49 46 
48 64 45 
45 64 46 
47 65 48 
51 65 47 
48 65 64 
49 66 63 
49 64 66 
51 67 65 
54 67 50 
50 67 51 
58 68 52 
52 68 53 
54 69 67 
69 53 68 
54 53 69 
57 59 70 
57 70 55 
56 55 70 
58 56 70 
58 70 71 
68 58 71 
60 72 59 
59 72 70 
60 62 72 
62 61 73 
62 73 72 
66 74 63 
67 75 65 
65 75 64 
66 64 75 
66 75 74 
67 76 75 
69 76 67 
69 68 76 
68 71 76 
71 77 76 
78 70 72 
71 70 78 
77 71 78 
72 73 79 
79 78 72 
74 75 80 
80 75 81 
77 81 76 
76 81 75 
77 78 82 
82 81 77 
78 79 83 
83 82 78 
81 84 80 
85 84 81 
86 81 82 
85 81 86 
82 83 87 
86 82 87 
85 88 84 
89 88 85 
85 86 89 
90 88 89 
87 91 86 
91 89 86 
90 92 88 
89 91 93 
90 93 92 
90 89 93 
94 93 91 
96 92 93 
95 92 96 
94 97 93 
97 96 93 
95 96 98 
97 99 96 
99 98 96 

